h1 weights: 
[[ -0.19499215 -18.27693968   0.27283601]
 [ -0.02626393   0.03138782   0.07283601]
 [  0.0482355    0.39175413   0.24567203]]

h2 weights: 
[[ 0.          0.          0.        ]
 [-0.12654086 22.65976863  0.1       ]
 [ 0.09544571  0.16104346  0.1       ]
 [ 0.2         0.2         0.2       ]]

o weights: 
[[ -0.19499215 -18.27693968   0.27283601]
 [ -0.02626393   0.03138782   0.07283601]
 [  0.0482355    0.39175413   0.24567203]]

h1 biases: 
[[0.2]
 [0.1]
 [0.9]]

h2 biases: 
[[ 0. ]
 [ 0.2]
 [ 0. ]
 [-0.1]]
